00000000000000000000000000000000000000001
00000000000000000000000000000000000000001
00000000000000000000000000000000000000001
00000000000000000000000000000000000000001
00000000000000000000000000000000000000001
00000000000000000000000000000000000000001
00000000000000000000000000000000000000001
00000000000000000000000000000000000000001
00000000000000000000000000000000000000001
00000000000000000000000000000000000000001
00000000000000000000000000000000000000001
00000000000000000000000000000000000000001
00000000000000000000000000000000000000001
00000000000000000000000000000000000000001
00000000000000000000000000000000000000001
00000000000000000000000000000000000000001
00000000000000000000000000000000000000001
00000000000000000000000000000000000000001
00000000000000000000000000000000000000001
00000000000000000000000000000000000000001
00000000000000000000000000000000000000001
00000000000000000000000000000000000000001
00000000000000000000000000000000000000001
00000000000000000000000000000000000000001
00000000000000000000000000000000000000001
00000000000000000000000000000000000000001
00000000000000000000000000000000000000001
00000000000000000000000000000000000000001
00000000000000000000000000000000000000001
00000000000000000000000000000000000000001
00000000000000000000000000000000000000001
00000000000000000000000000000000000000001
00000000000000000000000000000000000000001
00000000000000000000000000000000000000001
00000000000000000000000000000000000000001
00000000000000000000000000000000000000001
00000000000000000000000000000000000000001
00000000000000000000000000000000000000001
00000000000000000000000000000000000000001
00000000000000000000000000000000000000001
00000000000000000000000000000000000000001
11111111111111111111111111111111111111111